Mean[x] = 1.293333
Var[y] = 0.376181